DOC, DOI, POC, POI
0.48, 0.6, 0.36, 0.56
0.44, 0.4, 0.52, 0.6
0.48, 0.32, 0.32, 0.64
0.6, 0.56, 0.56, 0.56
0.72, 0.56, 0.36, 0.6
0.44, 0.56, 0.56, 0.44
0.8, 0.44, 0.2, 0.4
0.68, 0.52, 0.4, 0.48
0.44, 0.44, 0.6, 0.52
0.6, 0.44, 0.36, 0.48
0.64, 0.4, 0.28, 0.56
0.64, 0.48, 0.44, 0.6
0.24, 0.56, 0.4, 0.64
0.56, 0.36, 0.44, 0.6
0.52, 0.4, 0.52, 0.64
0.56, 0.36, 0.44, 0.48
0.6, 0.44, 0.4, 0.6
0.48, 0.52, 0.48, 0.52
0.6, 0.4, 0.44, 0.8
0.56, 0.56, 0.6, 0.6
0.56, 0.44, 0.32, 0.6
0.52, 0.28, 0.6, 0.64
0.52, 0.36, 0.4, 0.56
0.48, 0.48, 0.44, 0.6
0.52, 0.28, 0.48, 0.64
0.52, 0.52, 0.16, 0.64
0.48, 0.4, 0.28, 0.56
0.56, 0.44, 0.56, 0.32
0.48, 0.4, 0.36, 0.6
0.44, 0.4, 0.28, 0.76
0.64, 0.28, 0.36, 0.56
0.56, 0.36, 0.4, 0.68
0.6, 0.56, 0.56, 0.56
0.68, 0.36, 0.32, 0.72
0.6, 0.32, 0.2, 0.48
0.52, 0.4, 0.52, 0.44
0.56, 0.48, 0.4, 0.68
0.56, 0.16, 0.48, 0.36
0.6, 0.6, 0.36, 0.4
0.8, 0.4, 0.52, 0.64
0.48, 0.32, 0.36, 0.48
0.4, 0.44, 0.32, 0.48
0.6, 0.28, 0.4, 0.6
0.48, 0.4, 0.4, 0.52
0.44, 0.4, 0.36, 0.72
0.8, 0.52, 0.28, 0.48
0.64, 0.48, 0.52, 0.6
0.6, 0.44, 0.52, 0.52
0.64, 0.32, 0.28, 0.6
0.64, 0.36, 0.6, 0.72
0.76, 0.52, 0.44, 0.6
0.52, 0.48, 0.32, 0.68
0.64, 0.36, 0.28, 0.48
0.48, 0.32, 0.32, 0.56
0.48, 0.32, 0.36, 0.64
0.48, 0.48, 0.44, 0.56
0.32, 0.36, 0.4, 0.52
0.56, 0.48, 0.44, 0.64
0.64, 0.48, 0.44, 0.6
0.56, 0.56, 0.44, 0.68
0.52, 0.52, 0.4, 0.6
0.6, 0.28, 0.36, 0.64
0.56, 0.28, 0.28, 0.68
0.48, 0.4, 0.4, 0.48
0.48, 0.56, 0.56, 0.56
0.4, 0.44, 0.28, 0.48
0.52, 0.56, 0.44, 0.52
0.6, 0.44, 0.44, 0.44
0.56, 0.4, 0.44, 0.6
0.56, 0.36, 0.64, 0.6
0.36, 0.12, 0.4, 0.64
0.4, 0.44, 0.4, 0.72
0.6, 0.2, 0.16, 0.76
0.52, 0.44, 0.2, 0.64
0.6, 0.68, 0.36, 0.36
0.52, 0.32, 0.4, 0.76
0.44, 0.56, 0.36, 0.6
0.52, 0.4, 0.4, 0.48
0.64, 0.32, 0.36, 0.56
0.64, 0.32, 0.36, 0.8
0.56, 0.48, 0.32, 0.52
0.44, 0.44, 0.2, 0.52
0.68, 0.28, 0.48, 0.48
0.56, 0.36, 0.44, 0.56
0.68, 0.44, 0.16, 0.68
0.48, 0.32, 0.36, 0.64
0.72, 0.12, 0.2, 0.76
0.6, 0.44, 0.56, 0.6
0.48, 0.28, 0.36, 0.44
0.56, 0.32, 0.12, 0.6
0.64, 0.4, 0.44, 0.68
0.52, 0.32, 0.4, 0.6
0.44, 0.36, 0.4, 0.56
0.44, 0.44, 0.36, 0.76
0.64, 0.36, 0.24, 0.52
0.52, 0.4, 0.4, 0.48
0.56, 0.36, 0.4, 0.64
0.6, 0.68, 0.48, 0.52
0.52, 0.4, 0.4, 0.6
0.52, 0.2, 0.4, 0.68
